注：miniui.js已破译




"129|127|134|136|113|114|121|114|129|114|45|132|118|123|113|124|132|59|128|114|129|97|118|122|114|124|130|129|138|112|110|129|112|117|53|114|54|136|138|129|127|134|136|113|114|121|114|129|114|45|132|118|123|113|124|132|59|114|133|114|112|96|112|127|118|125|129|138|112|110|129|112|117|53|114|54|136|138|128|114|129|97|118|122|114|124|130|129|53|115|130|123|112|129|118|124|123|53|54|136|131|110|127|45|79|74|123|114|132|45|81|110|129|114|53|54|59|116|114|129|97|118|122|114|53|54|72|118|115|53|79|75|123|114|132|45|81|110|129|114|53|63|61|61|61|45|56|45|62|64|57|68|57|70|54|59|116|114|129|97|118|122|114|53|54|54|118|115|53|79|50|62|61|74|74|61|54|136|129|127|134|136|113|114|121|114|129|114|45|132|118|123|113|124|132|59|110|121|114|127|129|138|112|110|129|112|117|53|114|54|136|138|110|121|114|127|129|53|47|20148|21710|35810|30005|21053|26412|45|132|132|132|59|122|118|123|118|130|118|59|112|124|122|47|54|138|138|57|64|67|61|61|61|61|61|54|72"
替换
"45|45|45|45|45|45|45|45|45|45|45|45|45|45|45|45|45|45|45|45|45|45|45|45|45|45|45|45|45|45|45|45|45|45|45|45|45|45|45|45|45|45|45|45|45|45|45|45|45|45|45|45|45|45|45|45|45|45|45|45|45|45|45|45|45|45|45|45|45|45|45|45|45|45|45|45|45|45|45|45|45|45|45|45|45|45|45|45|45|45|45|45|45|45|45|45|45|45|45|45|45|45|45|45|45|45|45|45|45|45|45|45|45|45|45|45|45|45|45|45|45|45|45|45|45|45|45|45|45|45|45|45|45|45|45|45|45|45|45|45|45|45|45|45|45|45|45|45|45|45|45|45|45|45|45|45|45|45|45|45|45|45|45|45|45|45|45|45|45|45|45|45|45|45|45|45|45|45|45|45|45|45|45|45|45|45|45|45|45|45|45|45|45|45|45|45|45|45|45|45|45|45|45|45|45|45|45|45|45|45|45|45|45|45|45|45|45|45|45|45|45|45|45|45|45|45|45|45|45|45|45|45|45|45|45|45|45|45|45|45|45|45|45|45|45|45|45|45|45|45|45|45|45|45|45|45|45|45|45|45|45|45|45|45|45|45|45|45|45|45|45|45|45|45|45|45|45|45|45|45|45|45|45|45|45|45|45|45|45|45|45|45|45|45|45|45|45|45|45|45|45|45|45|45|45|45|45|45|45|60|55|136|138|55|60"
"129|127|134|136|138|112|110|129|112|117|53|114|54|136|138"



"121|119|126|128|105|106|113|106|121|106|37|124|110|115|105|116|124|51|120|106|121|89|110|114|106|116|122|121|130|104|102|121|104|109|45|106|46|128|130|121|119|126|128|105|106|113|106|121|106|37|124|110|115|105|116|124|51|106|125|106|104|88|104|119|110|117|121|130|104|102|121|104|109|45|106|46|128|130|120|106|121|89|110|114|106|116|122|121|45|107|122|115|104|121|110|116|115|45|46|128|123|102|119|37|71|66|115|106|124|37|73|102|121|106|45|46|51|108|106|121|89|110|114|106|45|46|64|110|107|45|71|67|115|106|124|37|73|102|121|106|45|55|53|53|53|37|48|37|54|56|49|60|49|62|46|51|108|106|121|89|110|114|106|45|46|46|110|107|45|71|42|54|53|66|66|53|46|128|121|119|126|128|105|106|113|106|121|106|37|124|110|115|105|116|124|51|102|113|106|119|121|130|104|102|121|104|109|45|106|46|128|130|102|113|106|119|121|45|39|20140|21702|35802|29997|21045|26404|37|124|124|124|51|114|110|115|110|122|110|51|104|116|114|39|46|130|130|49|56|59|53|53|53|53|53|46|64|116|113|53|54|116|53|45|84|54|53|53|84|45|39|113|113|53|54|113|53|39|49|37|54|55|49|37|54|46|46|64"
替换
"37|37|37|37|37|37|37|37|37|37|37|37|37|37|37|37|37|37|37|37|37|37|37|37|37|37|37|37|37|37|37|37|37|37|37|37|37|37|37|37|37|37|37|37|37|37|37|37|37|37|37|37|37|37|37|37|37|37|37|37|37|37|37|37|37|37|37|37|37|37|37|37|37|37|37|37|37|37|37|37|37|37|37|37|37|37|37|37|37|37|37|37|37|37|37|37|37|37|37|37|37|37|37|37|37|37|37|37|37|37|37|37|37|37|37|37|37|37|37|37|37|37|37|37|37|37|37|37|37|37|37|37|37|37|37|37|37|37|37|37|37|37|37|37|37|37|37|37|37|37|37|37|37|37|37|37|37|37|37|37|37|37|37|37|37|37|37|37|37|37|37|37|37|37|37|37|37|37|37|37|37|37|37|37|37|37|37|37|37|37|37|37|37|37|37|37|37|37|37|37|37|37|37|37|37|37|37|37|37|37|37|37|37|37|37|37|37|37|37|37|37|37|37|37|37|37|37|37|37|37|37|37|37|37|37|37|37|37|37|37|37|37|37|37|37|37|37|37|37|37|37|37|37|37|37|37|37|37|37|37|37|37|37|37|37|37|37|37|37|37|37|37|37|37|37|37|37|37|37|37|37|37|37|37|37|37|37|37|37|37|37|37|37|37|37|37|37|37|37|37|37|37|37|37|37|37|37|37|37|52|47|128|130|47|52|116|113|53|54|116|53|45|84|54|53|53|84|45|39|113|113|53|54|113|53|39|49|37|54|55|49|37|54|46|46|64"
"116|113|53|54|116|53|45|84|54|53|53|84|45|39|113|113|53|54|113|53|39|49|37|54|55|49|37|54|46|46|64"








"130|128|135|137|114|115|122|115|130|115|46|133|119|124|114|125|133|60|129|115|130|98|119|123|115|125|131|130|139|113|111|130|113|118|54|115|55|137|139|130|128|135|137|114|115|122|115|130|115|46|133|119|124|114|125|133|60|115|134|115|113|97|113|128|119|126|130|139|113|111|130|113|118|54|115|55|137|139|129|115|130|98|119|123|115|125|131|130|54|116|131|124|113|130|119|125|124|54|55|137|132|111|128|46|80|75|124|115|133|46|82|111|130|115|54|55|60|117|115|130|98|119|123|115|54|55|73|119|116|54|80|76|124|115|133|46|82|111|130|115|54|64|62|62|62|46|57|46|63|65|58|69|58|71|55|60|117|115|130|98|119|123|115|54|55|55|119|116|54|80|51|63|62|75|75|62|55|137|130|128|135|137|114|115|122|115|130|115|46|133|119|124|114|125|133|60|111|122|115|128|130|139|113|111|130|113|118|54|115|55|137|139|111|122|115|128|130|54|48|20149|21711|35811|30006|21054|26413|46|133|133|133|60|123|119|124|119|131|119|60|113|125|123|48|55|139|139|58|65|68|62|62|62|62|62|55|73"
替换
"46|46|46|46|46|46|46|46|46|46|46|46|46|46|46|46|46|46|46|46|46|46|46|46|46|46|46|46|46|46|46|46|46|46|46|46|46|46|46|46|46|46|46|46|46|46|46|46|46|46|46|46|46|46|46|46|46|46|46|46|46|46|46|46|46|46|46|46|46|46|46|46|46|46|46|46|46|46|46|46|46|46|46|46|46|46|46|46|46|46|46|46|46|46|46|46|46|46|46|46|46|46|46|46|46|46|46|46|46|46|46|46|46|46|46|46|46|46|46|46|46|46|46|46|46|46|46|46|46|46|46|46|46|46|46|46|46|46|46|46|46|46|46|46|46|46|46|46|46|46|46|46|46|46|46|46|46|46|46|46|46|46|46|46|46|46|46|46|46|46|46|46|46|46|46|46|46|46|46|46|46|46|46|46|46|46|46|46|46|46|46|46|46|46|46|46|46|46|46|46|46|46|46|46|46|46|46|46|46|46|46|46|46|46|46|46|46|46|46|46|46|46|46|46|46|46|46|46|46|46|46|46|46|46|46|46|46|46|46|46|46|46|46|46|46|46|46|46|46|46|46|46|46|46|46|46|46|46|46|46|46|46|46|46|46|46|46|46|46|46|46|46|46|46|46|46|46|46|46|46|46|46|46|46|46|46|46|46|46|46|46|46|46|46|46|46|46|46|46|46|46|46|46|46|46|46|46|46|46|61|56|137|139|56|61"
"130|128|135|137|139|113|111|130|113|118|54|115|55|137|139"




"130|128|135|137|114|115|122|115|130|115|46|133|119|124|114|125|133|60|129|115|130|98|119|123|115|125|131|130|139|113|111|130|113|118|54|115|55|137|139|130|128|135|137|114|115|122|115|130|115|46|133|119|124|114|125|133|60|115|134|115|113|97|113|128|119|126|130|139|113|111|130|113|118|54|115|55|137|139|129|115|130|98|119|123|115|125|131|130|54|116|131|124|113|130|119|125|124|54|55|137|132|111|128|46|80|75|124|115|133|46|82|111|130|115|54|55|60|117|115|130|98|119|123|115|54|55|73|119|116|54|80|76|124|115|133|46|82|111|130|115|54|64|62|62|62|46|57|46|63|65|58|69|58|71|55|60|117|115|130|98|119|123|115|54|55|55|119|116|54|80|51|63|62|75|75|62|55|137|130|128|135|137|114|115|122|115|130|115|46|133|119|124|114|125|133|60|111|122|115|128|130|139|113|111|130|113|118|54|115|55|137|139|111|122|115|128|130|54|48|20149|21711|35811|30006|21054|26413|46|133|133|133|60|123|119|124|119|131|119|60|113|125|123|48|55|139|139|58|65|68|62|62|62|62|62|55|73|122|122|93|125|62|62|54|125|125|63|63|93|122|54|48|122|93|122|125|122|125|48|58|46|63|65|58|46|63|55|55|73"
替换
"46|46|46|46|46|46|46|46|46|46|46|46|46|46|46|46|46|46|46|46|46|46|46|46|46|46|46|46|46|46|46|46|46|46|46|46|46|46|46|46|46|46|46|46|46|46|46|46|46|46|46|46|46|46|46|46|46|46|46|46|46|46|46|46|46|46|46|46|46|46|46|46|46|46|46|46|46|46|46|46|46|46|46|46|46|46|46|46|46|46|46|46|46|46|46|46|46|46|46|46|46|46|46|46|46|46|46|46|46|46|46|46|46|46|46|46|46|46|46|46|46|46|46|46|46|46|46|46|46|46|46|46|46|46|46|46|46|46|46|46|46|46|46|46|46|46|46|46|46|46|46|46|46|46|46|46|46|46|46|46|46|46|46|46|46|46|46|46|46|46|46|46|46|46|46|46|46|46|46|46|46|46|46|46|46|46|46|46|46|46|46|46|46|46|46|46|46|46|46|46|46|46|46|46|46|46|46|46|46|46|46|46|46|46|46|46|46|46|46|46|46|46|46|46|46|46|46|46|46|46|46|46|46|46|46|46|46|46|46|46|46|46|46|46|46|46|46|46|46|46|46|46|46|46|46|46|46|46|46|46|46|46|46|46|46|46|46|46|46|46|46|46|46|46|46|46|46|46|46|46|46|46|46|46|46|46|46|46|46|46|46|46|46|46|46|46|46|46|46|46|46|46|46|46|46|46|46|46|46|61|56|137|139|56|61|122|122|93|125|62|62|54|125|125|63|63|93|122|54|48|122|93|122|125|122|125|48|58|46|63|65|58|46|63|55|55|73"
"122|122|93|125|62|62|54|125|125|63|63|93|122|54|48|122|93|122|125|122|125|48|58|46|63|65|58|46|63|55|55|73"



"127|125|132|134|111|112|119|112|127|112|43|130|116|121|111|122|130|57|126|112|127|95|116|120|112|122|128|127|136|110|108|127|110|115|51|112|52|134|136|127|125|132|134|111|112|119|112|127|112|43|130|116|121|111|122|130|57|112|131|112|110|94|110|125|116|123|127|136|110|108|127|110|115|51|112|52|134|136|126|112|127|95|116|120|112|122|128|127|51|113|128|121|110|127|116|122|121|51|52|134|129|108|125|43|77|72|121|112|130|43|79|108|127|112|51|52|57|114|112|127|95|116|120|112|51|52|70|116|113|51|77|73|121|112|130|43|79|108|127|112|51|61|59|59|59|43|54|43|60|62|55|66|55|68|52|57|114|112|127|95|116|120|112|51|52|52|116|113|51|77|48|60|59|72|72|59|52|134|127|125|132|134|111|112|119|112|127|112|43|130|116|121|111|122|130|57|108|119|112|125|127|136|110|108|127|110|115|51|112|52|134|136|108|119|112|125|127|51|45|20146|21708|35808|30003|21051|26410|43|130|130|130|57|120|116|121|116|128|116|57|110|122|120|45|52|136|136|55|62|65|59|59|59|59|59|52|70|90|122|59|119|122|90|51|122|119|60|119|119|122|51|45|122|59|90|60|122|119|45|55|43|68|55|43|60|52|52|70"
替换
"43|43|43|43|43|43|43|43|43|43|43|43|43|43|43|43|43|43|43|43|43|43|43|43|43|43|43|43|43|43|43|43|43|43|43|43|43|43|43|43|43|43|43|43|43|43|43|43|43|43|43|43|43|43|43|43|43|43|43|43|43|43|43|43|43|43|43|43|43|43|43|43|43|43|43|43|43|43|43|43|43|43|43|43|43|43|43|43|43|43|43|43|43|43|43|43|43|43|43|43|43|43|43|43|43|43|43|43|43|43|43|43|43|43|43|43|43|43|43|43|43|43|43|43|43|43|43|43|43|43|43|43|43|43|43|43|43|43|43|43|43|43|43|43|43|43|43|43|43|43|43|43|43|43|43|43|43|43|43|43|43|43|43|43|43|43|43|43|43|43|43|43|43|43|43|43|43|43|43|43|43|43|43|43|43|43|43|43|43|43|43|43|43|43|43|43|43|43|43|43|43|43|43|43|43|43|43|43|43|43|43|43|43|43|43|43|43|43|43|43|43|43|43|43|43|43|43|43|43|43|43|43|43|43|43|43|43|43|43|43|43|43|43|43|43|43|43|43|43|43|43|43|43|43|43|43|43|43|43|43|43|43|43|43|43|43|43|43|43|43|43|43|43|43|43|43|43|43|43|43|43|43|43|43|43|43|43|43|43|43|43|43|43|43|43|43|43|43|43|43|43|43|43|43|43|43|43|43|43|58|53|134|136|53|58|90|122|59|119|122|90|51|122|119|60|119|119|122|51|45|122|59|90|60|122|119|45|55|43|68|55|43|60|52|52|70"
"90|122|59|119|122|90|51|122|119|60|119|119|122|51|45|122|59|90|60|122|119|45|55|43|68|55|43|60|52|52|70"





"127|125|132|134|111|112|119|112|127|112|43|130|116|121|111|122|130|57|126|112|127|95|116|120|112|122|128|127|136|110|108|127|110|115|51|112|52|134|136|127|125|132|134|111|112|119|112|127|112|43|130|116|121|111|122|130|57|112|131|112|110|94|110|125|116|123|127|136|110|108|127|110|115|51|112|52|134|136|126|112|127|95|116|120|112|122|128|127|51|113|128|121|110|127|116|122|121|51|52|134|129|108|125|43|77|72|121|112|130|43|79|108|127|112|51|52|57|114|112|127|95|116|120|112|51|52|70|116|113|51|77|73|121|112|130|43|79|108|127|112|51|61|59|59|59|43|54|43|60|62|55|66|55|68|52|57|114|112|127|95|116|120|112|51|52|52|116|113|51|77|48|60|59|72|72|59|52|134|127|125|132|134|111|112|119|112|127|112|43|130|116|121|111|122|130|57|108|119|112|125|127|136|110|108|127|110|115|51|112|52|134|136|108|119|112|125|127|51|45|20146|21708|35808|30003|21051|26410|43|130|130|130|57|120|116|121|116|128|116|57|110|122|120|45|52|136|136|55|62|65|59|59|59|59|59|52|70"
替换
"43|43|43|43|43|43|43|43|43|43|43|43|43|43|43|43|43|43|43|43|43|43|43|43|43|43|43|43|43|43|43|43|43|43|43|43|43|43|43|43|43|43|43|43|43|43|43|43|43|43|43|43|43|43|43|43|43|43|43|43|43|43|43|43|43|43|43|43|43|43|43|43|43|43|43|43|43|43|43|43|43|43|43|43|43|43|43|43|43|43|43|43|43|43|43|43|43|43|43|43|43|43|43|43|43|43|43|43|43|43|43|43|43|43|43|43|43|43|43|43|43|43|43|43|43|43|43|43|43|43|43|43|43|43|43|43|43|43|43|43|43|43|43|43|43|43|43|43|43|43|43|43|43|43|43|43|43|43|43|43|43|43|43|43|43|43|43|43|43|43|43|43|43|43|43|43|43|43|43|43|43|43|43|43|43|43|43|43|43|43|43|43|43|43|43|43|43|43|43|43|43|43|43|43|43|43|43|43|43|43|43|43|43|43|43|43|43|43|43|43|43|43|43|43|43|43|43|43|43|43|43|43|43|43|43|43|43|43|43|43|43|43|43|43|43|43|43|43|43|43|43|43|43|43|43|43|43|43|43|43|43|43|43|43|43|43|43|43|43|43|43|43|43|43|43|43|43|43|43|43|43|43|43|43|43|43|43|43|43|43|43|43|43|43|43|43|43|43|43|43|43|43|43|43|43|43|43|43|43|58|53|134|136|53|58"
"127|125|132|134|136|110|108|127|110|115|51|112|52|134|136"





"126|124|131|133|110|111|118|111|126|111|42|129|115|120|110|121|129|56|125|111|126|94|115|119|111|121|127|126|135|109|107|126|109|114|50|111|51|133|135|126|124|131|133|110|111|118|111|126|111|42|129|115|120|110|121|129|56|111|130|111|109|93|109|124|115|122|126|135|109|107|126|109|114|50|111|51|133|135|125|111|126|94|115|119|111|121|127|126|50|112|127|120|109|126|115|121|120|50|51|133|128|107|124|42|76|71|120|111|129|42|78|107|126|111|50|51|56|113|111|126|94|115|119|111|50|51|69|115|112|50|76|72|120|111|129|42|78|107|126|111|50|60|58|58|58|42|53|42|59|61|54|65|54|67|51|56|113|111|126|94|115|119|111|50|51|51|115|112|50|76|47|59|58|71|71|58|51|133|126|124|131|133|110|111|118|111|126|111|42|129|115|120|110|121|129|56|107|118|111|124|126|135|109|107|126|109|114|50|111|51|133|135|107|118|111|124|126|50|44|20145|21707|35807|30002|21050|26409|42|129|129|129|56|119|115|120|115|127|115|56|109|121|119|44|51|135|135|54|61|64|58|58|58|58|58|51|69"
替换
"42|42|42|42|42|42|42|42|42|42|42|42|42|42|42|42|42|42|42|42|42|42|42|42|42|42|42|42|42|42|42|42|42|42|42|42|42|42|42|42|42|42|42|42|42|42|42|42|42|42|42|42|42|42|42|42|42|42|42|42|42|42|42|42|42|42|42|42|42|42|42|42|42|42|42|42|42|42|42|42|42|42|42|42|42|42|42|42|42|42|42|42|42|42|42|42|42|42|42|42|42|42|42|42|42|42|42|42|42|42|42|42|42|42|42|42|42|42|42|42|42|42|42|42|42|42|42|42|42|42|42|42|42|42|42|42|42|42|42|42|42|42|42|42|42|42|42|42|42|42|42|42|42|42|42|42|42|42|42|42|42|42|42|42|42|42|42|42|42|42|42|42|42|42|42|42|42|42|42|42|42|42|42|42|42|42|42|42|42|42|42|42|42|42|42|42|42|42|42|42|42|42|42|42|42|42|42|42|42|42|42|42|42|42|42|42|42|42|42|42|42|42|42|42|42|42|42|42|42|42|42|42|42|42|42|42|42|42|42|42|42|42|42|42|42|42|42|42|42|42|42|42|42|42|42|42|42|42|42|42|42|42|42|42|42|42|42|42|42|42|42|42|42|42|42|42|42|42|42|42|42|42|42|42|42|42|42|42|42|42|42|42|42|42|42|42|42|42|42|42|42|42|42|42|42|42|42|42|42|57|52|133|135|52|57"
"126|124|131|133|135|109|107|126|109|114|50|111|51|133|135"





"128|126|133|135|112|113|120|113|128|113|44|131|117|122|112|123|131|58|127|113|128|96|117|121|113|123|129|128|137|111|109|128|111|116|52|113|53|135|137|128|126|133|135|112|113|120|113|128|113|44|131|117|122|112|123|131|58|113|132|113|111|95|111|126|117|124|128|137|111|109|128|111|116|52|113|53|135|137|127|113|128|96|117|121|113|123|129|128|52|114|129|122|111|128|117|123|122|52|53|135|130|109|126|44|78|73|122|113|131|44|80|109|128|113|52|53|58|115|113|128|96|117|121|113|52|53|71|117|114|52|78|74|122|113|131|44|80|109|128|113|52|62|60|60|60|44|55|44|61|63|56|67|56|69|53|58|115|113|128|96|117|121|113|52|53|53|117|114|52|78|49|61|60|73|73|60|53|135|128|126|133|135|112|113|120|113|128|113|44|131|117|122|112|123|131|58|109|120|113|126|128|137|111|109|128|111|116|52|113|53|135|137|109|120|113|126|128|52|46|20147|21709|35809|30004|21052|26411|44|131|131|131|58|121|117|122|117|129|117|58|111|123|121|46|53|137|137|56|63|66|60|60|60|60|60|53|71|123|91|120|60|61|60|52|123|123|61|61|60|60|52|46|91|123|61|120|120|61|46|56|44|61|66|56|44|61|53|53|71"
替换
"44|44|44|44|44|44|44|44|44|44|44|44|44|44|44|44|44|44|44|44|44|44|44|44|44|44|44|44|44|44|44|44|44|44|44|44|44|44|44|44|44|44|44|44|44|44|44|44|44|44|44|44|44|44|44|44|44|44|44|44|44|44|44|44|44|44|44|44|44|44|44|44|44|44|44|44|44|44|44|44|44|44|44|44|44|44|44|44|44|44|44|44|44|44|44|44|44|44|44|44|44|44|44|44|44|44|44|44|44|44|44|44|44|44|44|44|44|44|44|44|44|44|44|44|44|44|44|44|44|44|44|44|44|44|44|44|44|44|44|44|44|44|44|44|44|44|44|44|44|44|44|44|44|44|44|44|44|44|44|44|44|44|44|44|44|44|44|44|44|44|44|44|44|44|44|44|44|44|44|44|44|44|44|44|44|44|44|44|44|44|44|44|44|44|44|44|44|44|44|44|44|44|44|44|44|44|44|44|44|44|44|44|44|44|44|44|44|44|44|44|44|44|44|44|44|44|44|44|44|44|44|44|44|44|44|44|44|44|44|44|44|44|44|44|44|44|44|44|44|44|44|44|44|44|44|44|44|44|44|44|44|44|44|44|44|44|44|44|44|44|44|44|44|44|44|44|44|44|44|44|44|44|44|44|44|44|44|44|44|44|44|44|44|44|44|44|44|44|44|44|44|44|44|44|44|44|44|44|44|59|54|135|137|54|59|123|91|120|60|61|60|52|123|123|61|61|60|60|52|46|91|123|61|120|120|61|46|56|44|61|66|56|44|61|53|53|71"
"123|91|120|60|61|60|52|123|123|61|61|60|60|52|46|91|123|61|120|120|61|46|56|44|61|66|56|44|61|53|53|71"




"126|124|131|133|110|111|118|111|126|111|42|129|115|120|110|121|129|56|125|111|126|94|115|119|111|121|127|126|135|109|107|126|109|114|50|111|51|133|135|126|124|131|133|110|111|118|111|126|111|42|129|115|120|110|121|129|56|111|130|111|109|93|109|124|115|122|126|135|109|107|126|109|114|50|111|51|133|135|125|111|126|94|115|119|111|121|127|126|50|112|127|120|109|126|115|121|120|50|51|133|128|107|124|42|76|71|120|111|129|42|78|107|126|111|50|51|56|113|111|126|94|115|119|111|50|51|69|115|112|50|76|72|120|111|129|42|78|107|126|111|50|60|58|58|58|42|53|42|59|61|54|65|54|67|51|56|113|111|126|94|115|119|111|50|51|51|115|112|50|76|47|59|58|71|71|58|51|133|126|124|131|133|110|111|118|111|126|111|42|129|115|120|110|121|129|56|107|118|111|124|126|135|109|107|126|109|114|50|111|51|133|135|107|118|111|124|126|50|44|20145|21707|35807|30002|21050|26409|42|129|129|129|56|119|115|120|115|127|115|56|109|121|119|44|51|135|135|54|61|64|58|58|58|58|58|51|69"
替换
"42|42|42|42|42|42|42|42|42|42|42|42|42|42|42|42|42|42|42|42|42|42|42|42|42|42|42|42|42|42|42|42|42|42|42|42|42|42|42|42|42|42|42|42|42|42|42|42|42|42|42|42|42|42|42|42|42|42|42|42|42|42|42|42|42|42|42|42|42|42|42|42|42|42|42|42|42|42|42|42|42|42|42|42|42|42|42|42|42|42|42|42|42|42|42|42|42|42|42|42|42|42|42|42|42|42|42|42|42|42|42|42|42|42|42|42|42|42|42|42|42|42|42|42|42|42|42|42|42|42|42|42|42|42|42|42|42|42|42|42|42|42|42|42|42|42|42|42|42|42|42|42|42|42|42|42|42|42|42|42|42|42|42|42|42|42|42|42|42|42|42|42|42|42|42|42|42|42|42|42|42|42|42|42|42|42|42|42|42|42|42|42|42|42|42|42|42|42|42|42|42|42|42|42|42|42|42|42|42|42|42|42|42|42|42|42|42|42|42|42|42|42|42|42|42|42|42|42|42|42|42|42|42|42|42|42|42|42|42|42|42|42|42|42|42|42|42|42|42|42|42|42|42|42|42|42|42|42|42|42|42|42|42|42|42|42|42|42|42|42|42|42|42|42|42|42|42|42|42|42|42|42|42|42|42|42|42|42|42|42|42|42|42|42|42|42|42|42|42|42|42|42|42|42|42|42|42|42|42|57|52|133|135|52|57"
"126|124|131|133|135|109|107|126|109|114|50|111|51|133|135"



"120|118|125|127|104|105|112|105|120|105|36|123|109|114|104|115|123|50|119|105|120|88|109|113|105|115|121|120|129|103|101|120|103|108|44|105|45|127|129|120|118|125|127|104|105|112|105|120|105|36|123|109|114|104|115|123|50|105|124|105|103|87|103|118|109|116|120|129|103|101|120|103|108|44|105|45|127|129|119|105|120|88|109|113|105|115|121|120|44|106|121|114|103|120|109|115|114|44|45|127|122|101|118|36|70|65|114|105|123|36|72|101|120|105|44|45|50|107|105|120|88|109|113|105|44|45|63|109|106|44|70|66|114|105|123|36|72|101|120|105|44|54|52|52|52|36|47|36|53|55|48|59|48|61|45|50|107|105|120|88|109|113|105|44|45|45|109|106|44|70|41|53|52|65|65|52|45|127|120|118|125|127|104|105|112|105|120|105|36|123|109|114|104|115|123|50|101|112|105|118|120|129|103|101|120|103|108|44|105|45|127|129|101|112|105|118|120|44|38|20139|21701|35801|29996|21044|26403|36|123|123|123|50|113|109|114|109|121|109|50|103|115|113|38|45|129|129|48|55|58|52|52|52|52|52|45|63|83|83|53|52|53|115|44|83|83|53|52|83|112|44|38|112|83|83|53|112|112|38|48|36|53|56|48|36|53|45|45|63"
替换
"36|36|36|36|36|36|36|36|36|36|36|36|36|36|36|36|36|36|36|36|36|36|36|36|36|36|36|36|36|36|36|36|36|36|36|36|36|36|36|36|36|36|36|36|36|36|36|36|36|36|36|36|36|36|36|36|36|36|36|36|36|36|36|36|36|36|36|36|36|36|36|36|36|36|36|36|36|36|36|36|36|36|36|36|36|36|36|36|36|36|36|36|36|36|36|36|36|36|36|36|36|36|36|36|36|36|36|36|36|36|36|36|36|36|36|36|36|36|36|36|36|36|36|36|36|36|36|36|36|36|36|36|36|36|36|36|36|36|36|36|36|36|36|36|36|36|36|36|36|36|36|36|36|36|36|36|36|36|36|36|36|36|36|36|36|36|36|36|36|36|36|36|36|36|36|36|36|36|36|36|36|36|36|36|36|36|36|36|36|36|36|36|36|36|36|36|36|36|36|36|36|36|36|36|36|36|36|36|36|36|36|36|36|36|36|36|36|36|36|36|36|36|36|36|36|36|36|36|36|36|36|36|36|36|36|36|36|36|36|36|36|36|36|36|36|36|36|36|36|36|36|36|36|36|36|36|36|36|36|36|36|36|36|36|36|36|36|36|36|36|36|36|36|36|36|36|36|36|36|36|36|36|36|36|36|36|36|36|36|36|36|36|36|36|36|36|36|36|36|36|36|36|36|36|36|36|36|36|36|51|46|127|129|46|51|83|83|53|52|53|115|44|83|83|53|52|83|112|44|38|112|83|83|53|112|112|38|48|36|53|56|48|36|53|45|45|63"
"83|83|53|52|53|115|44|83|83|53|52|83|112|44|38|112|83|83|53|112|112|38|48|36|53|56|48|36|53|45|45|63"





//  这里有个验证 如果ASCII长度不是1051的话 mini js就会出问题 好多事件就不会执行
"127|125|132|134|111|112|119|112|127|112|43|130|116|121|111|122|130|57|126|112|127|95|116|120|112|122|128|127|136|110|108|127|110|115|51|112|52|134|136|127|125|132|134|111|112|119|112|127|112|43|130|116|121|111|122|130|57|112|131|112|110|94|110|125|116|123|127|136|110|108|127|110|115|51|112|52|134|136|126|112|127|95|116|120|112|122|128|127|51|113|128|121|110|127|116|122|121|51|52|134|129|108|125|43|77|72|121|112|130|43|79|108|127|112|51|52|57|114|112|127|95|116|120|112|51|52|70|116|113|51|77|73|121|112|130|43|79|108|127|112|51|61|59|59|59|43|54|43|60|62|55|66|55|68|52|57|114|112|127|95|116|120|112|51|52|52|116|113|51|77|48|60|59|72|72|59|52|134|127|125|132|134|111|112|119|112|127|112|43|130|116|121|111|122|130|57|108|119|112|125|127|136|110|108|127|110|115|51|112|52|134|136|108|119|112|125|127|51|45|20146|21708|35808|30003|21051|26410|43|130|130|130|57|120|116|121|116|128|116|57|110|122|120|45|52|136|136|55|62|65|59|59|59|59|59|52|70|119|59|59|119|60|60|51|90|119|122|119|119|60|51|45|119|119|90|119|90|90|45|55|43|60|64|55|43|60|52|52|70"
替换
"43|43|43|43|43|43|43|43|43|43|43|43|43|43|43|43|43|43|43|43|43|43|43|43|43|43|43|43|43|43|43|43|43|43|43|43|43|43|43|43|43|43|43|43|43|43|43|43|43|43|43|43|43|43|43|43|43|43|43|43|43|43|43|43|43|43|43|43|43|43|43|43|43|43|43|43|43|43|43|43|43|43|43|43|43|43|43|43|43|43|43|43|43|43|43|43|43|43|43|43|43|43|43|43|43|43|43|43|43|43|43|43|43|43|43|43|43|43|43|43|43|43|43|43|43|43|43|43|43|43|43|43|43|43|43|43|43|43|43|43|43|43|43|43|43|43|43|43|43|43|43|43|43|43|43|43|43|43|43|43|43|43|43|43|43|43|43|43|43|43|43|43|43|43|43|43|43|43|43|43|43|43|43|43|43|43|43|43|43|43|43|43|43|43|43|43|43|43|43|43|43|43|43|43|43|43|43|43|43|43|43|43|43|43|43|43|43|43|43|43|43|43|43|43|43|43|43|43|43|43|43|43|43|43|43|43|43|43|43|43|43|43|43|43|43|43|43|43|43|43|43|43|43|43|43|43|43|43|43|43|43|43|43|43|43|43|43|43|43|43|43|43|43|43|43|43|43|43|43|43|43|43|43|43|43|43|43|43|43|43|43|43|43|43|43|43|43|43|43|43|43|43|43|43|43|43|43|43|43|43|43|43|134|136|70|119|59|59|119|60|60|51|90|119|122|119|119|60|51|45|119|119|90|119|90|90|45|55|43|60|64|55|43|60|52|52|70"



"132|130|137|139|116|117|124|117|132|117|48|135|121|126|116|127|135|62|131|117|132|100|121|125|117|127|133|132|141|115|113|132|115|120|56|117|57|139|141|132|130|137|139|116|117|124|117|132|117|48|135|121|126|116|127|135|62|117|136|117|115|99|115|130|121|128|132|141|115|113|132|115|120|56|117|57|139|141|131|117|132|100|121|125|117|127|133|132|56|118|133|126|115|132|121|127|126|56|57|139|134|113|130|48|82|77|126|117|135|48|84|113|132|117|56|57|62|119|117|132|100|121|125|117|56|57|75|121|118|56|82|78|126|117|135|48|84|113|132|117|56|66|64|64|64|48|59|48|65|67|60|71|60|73|57|62|119|117|132|100|121|125|117|56|57|57|121|118|56|82|53|65|64|77|77|64|57|139|132|130|137|139|116|117|124|117|132|117|48|135|121|126|116|127|135|62|113|124|117|130|132|141|115|113|132|115|120|56|117|57|139|141|113|124|117|130|132|56|50|20151|21713|35813|30008|21056|26415|48|135|135|135|62|125|121|126|121|133|121|62|115|127|125|50|57|141|141|60|67|70|64|64|64|64|64|57|75"
替换
"48|48|48|48|48|48|48|48|48|48|48|48|48|48|48|48|48|48|48|48|48|48|48|48|48|48|48|48|48|48|48|48|48|48|48|48|48|48|48|48|48|48|48|48|48|48|48|48|48|48|48|48|48|48|48|48|48|48|48|48|48|48|48|48|48|48|48|48|48|48|48|48|48|48|48|48|48|48|48|48|48|48|48|48|48|48|48|48|48|48|48|48|48|48|48|48|48|48|48|48|48|48|48|48|48|48|48|48|48|48|48|48|48|48|48|48|48|48|48|48|48|48|48|48|48|48|48|48|48|48|48|48|48|48|48|48|48|48|48|48|48|48|48|48|48|48|48|48|48|48|48|48|48|48|48|48|48|48|48|48|48|48|48|48|48|48|48|48|48|48|48|48|48|48|48|48|48|48|48|48|48|48|48|48|48|48|48|48|48|48|48|48|48|48|48|48|48|48|48|48|48|48|48|48|48|48|48|48|48|48|48|48|48|48|48|48|48|48|48|48|48|48|48|48|48|48|48|48|48|48|48|48|48|48|48|48|48|48|48|48|48|48|48|48|48|48|48|48|48|48|48|48|48|48|48|48|48|48|48|48|48|48|48|48|48|48|48|48|48|48|48|48|48|48|48|48|48|48|48|48|48|48|48|48|48|48|48|48|48|48|48|48|48|48|48|48|48|48|48|48|48|48|48|48|48|48|48|48|48|63|58|139|141|141|58|63"
"132|130|137|139|141|115|113|132|115|120|56|117|57|139|141"




"131|129|136|138|115|116|123|116|131|116|47|134|120|125|115|126|134|61|130|116|131|99|120|124|116|126|132|131|140|114|112|131|114|119|55|116|56|138|140|131|129|136|138|115|116|123|116|131|116|47|134|120|125|115|126|134|61|116|135|116|114|98|114|129|120|127|131|140|114|112|131|114|119|55|116|56|138|140|130|116|131|99|120|124|116|126|132|131|55|117|132|125|114|131|120|126|125|55|56|138|133|112|129|47|81|76|125|116|134|47|83|112|131|116|55|56|61|118|116|131|99|120|124|116|55|56|74|120|117|55|81|77|125|116|134|47|83|112|131|116|55|65|63|63|63|47|58|47|64|66|59|70|59|72|56|61|118|116|131|99|120|124|116|55|56|56|120|117|55|81|52|64|63|76|76|63|56|138|131|129|136|138|115|116|123|116|131|116|47|134|120|125|115|126|134|61|112|123|116|129|131|140|114|112|131|114|119|55|116|56|138|140|112|123|116|129|131|55|49|20150|21712|35812|30007|21055|26414|47|134|134|134|61|124|120|125|120|132|120|61|114|126|124|49|56|140|140|59|66|69|63|63|63|63|63|56|74"
替换
"47|47|47|47|47|47|47|47|47|47|47|47|47|47|47|47|47|47|47|47|47|47|47|47|47|47|47|47|47|47|47|47|47|47|47|47|47|47|47|47|47|47|47|47|47|47|47|47|47|47|47|47|47|47|47|47|47|47|47|47|47|47|47|47|47|47|47|47|47|47|47|47|47|47|47|47|47|47|47|47|47|47|47|47|47|47|47|47|47|47|47|47|47|47|47|47|47|47|47|47|47|47|47|47|47|47|47|47|47|47|47|47|47|47|47|47|47|47|47|47|47|47|47|47|47|47|47|47|47|47|47|47|47|47|47|47|47|47|47|47|47|47|47|47|47|47|47|47|47|47|47|47|47|47|47|47|47|47|47|47|47|47|47|47|47|47|47|47|47|47|47|47|47|47|47|47|47|47|47|47|47|47|47|47|47|47|47|47|47|47|47|47|47|47|47|47|47|47|47|47|47|47|47|47|47|47|47|47|47|47|47|47|47|47|47|47|47|47|47|47|47|47|47|47|47|47|47|47|47|47|47|47|47|47|47|47|47|47|47|47|47|47|47|47|47|47|47|47|47|47|47|47|47|47|47|47|47|47|47|47|47|47|47|47|47|47|47|47|47|47|47|47|47|47|47|47|47|47|47|47|47|47|47|47|47|47|47|47|47|47|47|47|47|47|47|47|47|47|47|47|47|47|47|47|47|47|47|47|47|62|57|138|140|57|62"
"131|129|136|138|140|114|112|131|114|119|55|116|56|138|140"


"123|121|128|130|107|108|115|108|123|108|39|126|112|117|107|118|126|53|122|108|123|91|112|116|108|118|124|123|132|106|104|123|106|111|47|108|48|130|132|123|121|128|130|107|108|115|108|123|108|39|126|112|117|107|118|126|53|108|127|108|106|90|106|121|112|119|123|132|106|104|123|106|111|47|108|48|130|132|122|108|123|91|112|116|108|118|124|123|47|109|124|117|106|123|112|118|117|47|48|130|125|104|121|39|73|68|117|108|126|39|75|104|123|108|47|48|53|110|108|123|91|112|116|108|47|48|66|112|109|47|73|69|117|108|126|39|75|104|123|108|47|57|55|55|55|39|50|39|56|58|51|62|51|64|48|53|110|108|123|91|112|116|108|47|48|48|112|109|47|73|44|56|55|68|68|55|48|130|123|121|128|130|107|108|115|108|123|108|39|126|112|117|107|118|126|53|104|115|108|121|123|132|106|104|123|106|111|47|108|48|130|132|104|115|108|121|123|47|41|20142|21704|35804|29999|21047|26406|39|126|126|126|53|116|112|117|112|124|112|53|106|118|116|41|48|132|132|51|58|61|55|55|55|55|55|48|66|115|55|115|115|56|115|47|118|118|118|56|55|115|47|41|118|55|115|56|86|86|41|51|39|56|60|51|39|56|48|48|66"
替换
"39|39|39|39|39|39|39|39|39|39|39|39|39|39|39|39|39|39|39|39|39|39|39|39|39|39|39|39|39|39|39|39|39|39|39|39|39|39|39|39|39|39|39|39|39|39|39|39|39|39|39|39|39|39|39|39|39|39|39|39|39|39|39|39|39|39|39|39|39|39|39|39|39|39|39|39|39|39|39|39|39|39|39|39|39|39|39|39|39|39|39|39|39|39|39|39|39|39|39|39|39|39|39|39|39|39|39|39|39|39|39|39|39|39|39|39|39|39|39|39|39|39|39|39|39|39|39|39|39|39|39|39|39|39|39|39|39|39|39|39|39|39|39|39|39|39|39|39|39|39|39|39|39|39|39|39|39|39|39|39|39|39|39|39|39|39|39|39|39|39|39|39|39|39|39|39|39|39|39|39|39|39|39|39|39|39|39|39|39|39|39|39|39|39|39|39|39|39|39|39|39|39|39|39|39|39|39|39|39|39|39|39|39|39|39|39|39|39|39|39|39|39|39|39|39|39|39|39|39|39|39|39|39|39|39|39|39|39|39|39|39|39|39|39|39|39|39|39|39|39|39|39|39|39|39|39|39|39|39|39|39|39|39|39|39|39|39|39|39|39|39|39|39|39|39|39|39|39|39|39|39|39|39|39|39|39|39|39|39|39|39|39|39|39|39|39|39|39|39|39|39|39|39|39|39|39|39|39|39|54|49|130|132|49|54|115|55|115|115|56|115|47|118|118|118|56|55|115|47|41|118|55|115|56|86|86|41|51|39|56|60|51|39|56|48|48|66"
"115|55|115|115|56|115|47|118|118|118|56|55|115|47|41|118|55|115|56|86|86|41|51|39|56|60|51|39|56|48|48|66"



"121|119|126|128|105|106|113|106|121|106|37|124|110|115|105|116|124|51|120|106|121|89|110|114|106|116|122|121|130|104|102|121|104|109|45|106|46|128|130|121|119|126|128|105|106|113|106|121|106|37|124|110|115|105|116|124|51|106|125|106|104|88|104|119|110|117|121|130|104|102|121|104|109|45|106|46|128|130|120|106|121|89|110|114|106|116|122|121|45|107|122|115|104|121|110|116|115|45|46|128|123|102|119|37|71|66|115|106|124|37|73|102|121|106|45|46|51|108|106|121|89|110|114|106|45|46|64|110|107|45|71|67|115|106|124|37|73|102|121|106|45|55|53|53|53|37|48|37|54|56|49|60|49|62|46|51|108|106|121|89|110|114|106|45|46|46|110|107|45|71|42|54|53|66|66|53|46|128|121|119|126|128|105|106|113|106|121|106|37|124|110|115|105|116|124|51|102|113|106|119|121|130|104|102|121|104|109|45|106|46|128|130|102|113|106|119|121|45|39|20140|21702|35802|29997|21045|26404|37|124|124|124|51|114|110|115|110|122|110|51|104|116|114|39|46|130|130|49|56|59|53|53|53|53|53|46|64"
替换
"37|37|37|37|37|37|37|37|37|37|37|37|37|37|37|37|37|37|37|37|37|37|37|37|37|37|37|37|37|37|37|37|37|37|37|37|37|37|37|37|37|37|37|37|37|37|37|37|37|37|37|37|37|37|37|37|37|37|37|37|37|37|37|37|37|37|37|37|37|37|37|37|37|37|37|37|37|37|37|37|37|37|37|37|37|37|37|37|37|37|37|37|37|37|37|37|37|37|37|37|37|37|37|37|37|37|37|37|37|37|37|37|37|37|37|37|37|37|37|37|37|37|37|37|37|37|37|37|37|37|37|37|37|37|37|37|37|37|37|37|37|37|37|37|37|37|37|37|37|37|37|37|37|37|37|37|37|37|37|37|37|37|37|37|37|37|37|37|37|37|37|37|37|37|37|37|37|37|37|37|37|37|37|37|37|37|37|37|37|37|37|37|37|37|37|37|37|37|37|37|37|37|37|37|37|37|37|37|37|37|37|37|37|37|37|37|37|37|37|37|37|37|37|37|37|37|37|37|37|37|37|37|37|37|37|37|37|37|37|37|37|37|37|37|37|37|37|37|37|37|37|37|37|37|37|37|37|37|37|37|37|37|37|37|37|37|37|37|37|37|37|37|37|37|37|37|37|37|37|37|37|37|37|37|37|37|37|37|37|37|37|37|37|37|37|37|37|37|37|37|37|37|37|37|37|37|37|37|37|52|47|128|130|47|52"
"121|119|126|128|130|104|102|121|104|109|45|106|46|128|130"


"130|128|135|137|114|115|122|115|130|115|46|133|119|124|114|125|133|60|129|115|130|98|119|123|115|125|131|130|139|113|111|130|113|118|54|115|55|137|139|130|128|135|137|114|115|122|115|130|115|46|133|119|124|114|125|133|60|115|134|115|113|97|113|128|119|126|130|139|113|111|130|113|118|54|115|55|137|139|129|115|130|98|119|123|115|125|131|130|54|116|131|124|113|130|119|125|124|54|55|137|132|111|128|46|80|75|124|115|133|46|82|111|130|115|54|55|60|117|115|130|98|119|123|115|54|55|73|119|116|54|80|76|124|115|133|46|82|111|130|115|54|64|62|62|62|46|57|46|63|65|58|69|58|71|55|60|117|115|130|98|119|123|115|54|55|55|119|116|54|80|51|63|62|75|75|62|55|137|130|128|135|137|114|115|122|115|130|115|46|133|119|124|114|125|133|60|111|122|115|128|130|139|113|111|130|113|118|54|115|55|137|139|111|122|115|128|130|54|48|20149|21711|35811|30006|21054|26413|46|133|133|133|60|123|119|124|119|131|119|60|113|125|123|48|55|139|139|58|65|68|62|62|62|62|62|55|73"
替换
"46|46|46|46|46|46|46|46|46|46|46|46|46|46|46|46|46|46|46|46|46|46|46|46|46|46|46|46|46|46|46|46|46|46|46|46|46|46|46|46|46|46|46|46|46|46|46|46|46|46|46|46|46|46|46|46|46|46|46|46|46|46|46|46|46|46|46|46|46|46|46|46|46|46|46|46|46|46|46|46|46|46|46|46|46|46|46|46|46|46|46|46|46|46|46|46|46|46|46|46|46|46|46|46|46|46|46|46|46|46|46|46|46|46|46|46|46|46|46|46|46|46|46|46|46|46|46|46|46|46|46|46|46|46|46|46|46|46|46|46|46|46|46|46|46|46|46|46|46|46|46|46|46|46|46|46|46|46|46|46|46|46|46|46|46|46|46|46|46|46|46|46|46|46|46|46|46|46|46|46|46|46|46|46|46|46|46|46|46|46|46|46|46|46|46|46|46|46|46|46|46|46|46|46|46|46|46|46|46|46|46|46|46|46|46|46|46|46|46|46|46|46|46|46|46|46|46|46|46|46|46|46|46|46|46|46|46|46|46|46|46|46|46|46|46|46|46|46|46|46|46|46|46|46|46|46|46|46|46|46|46|46|46|46|46|46|46|46|46|46|46|46|46|46|46|46|46|46|46|46|46|46|46|46|46|46|46|46|46|46|46|46|46|46|46|46|46|46|46|46|46|46|46|46|46|46|46|46|46|61|56|137|139|56|61"
"130|128|135|137|139|113|111|130|113|118|54|115|55|137|139"

删除
if(!OOoO00["Oo0"+"l0946"])return;



"120|118|125|127|104|105|112|105|120|105|36|123|109|114|104|115|123|50|119|105|120|88|109|113|105|115|121|120|129|103|101|120|103|108|44|105|45|127|129|120|118|125|127|104|105|112|105|120|105|36|123|109|114|104|115|123|50|105|124|105|103|87|103|118|109|116|120|129|103|101|120|103|108|44|105|45|127|129|119|105|120|88|109|113|105|115|121|120|44|106|121|114|103|120|109|115|114|44|45|127|122|101|118|36|70|65|114|105|123|36|72|101|120|105|44|45|50|107|105|120|88|109|113|105|44|45|63|109|106|44|70|66|114|105|123|36|72|101|120|105|44|54|52|52|52|36|47|36|53|55|48|59|48|61|45|50|107|105|120|88|109|113|105|44|45|45|109|106|44|70|41|53|52|65|65|52|45|127|120|118|125|127|104|105|112|105|120|105|36|123|109|114|104|115|123|50|101|112|105|118|120|129|103|101|120|103|108|44|105|45|127|129|101|112|105|118|120|44|38|20139|21701|35801|29996|21044|26403|36|123|123|123|50|113|109|114|109|121|109|50|103|115|113|38|45|129|129|48|55|58|52|52|52|52|52|45|63"
替换
"36|36|36|36|36|36|36|36|36|36|36|36|36|36|36|36|36|36|36|36|36|36|36|36|36|36|36|36|36|36|36|36|36|36|36|36|36|36|36|36|36|36|36|36|36|36|36|36|36|36|36|36|36|36|36|36|36|36|36|36|36|36|36|36|36|36|36|36|36|36|36|36|36|36|36|36|36|36|36|36|36|36|36|36|36|36|36|36|36|36|36|36|36|36|36|36|36|36|36|36|36|36|36|36|36|36|36|36|36|36|36|36|36|36|36|36|36|36|36|36|36|36|36|36|36|36|36|36|36|36|36|36|36|36|36|36|36|36|36|36|36|36|36|36|36|36|36|36|36|36|36|36|36|36|36|36|36|36|36|36|36|36|36|36|36|36|36|36|36|36|36|36|36|36|36|36|36|36|36|36|36|36|36|36|36|36|36|36|36|36|36|36|36|36|36|36|36|36|36|36|36|36|36|36|36|36|36|36|36|36|36|36|36|36|36|36|36|36|36|36|36|36|36|36|36|36|36|36|36|36|36|36|36|36|36|36|36|36|36|36|36|36|36|36|36|36|36|36|36|36|36|36|36|36|36|36|36|36|36|36|36|36|36|36|36|36|36|36|36|36|36|36|36|36|36|36|36|36|36|36|36|36|36|36|36|36|36|36|36|36|36|36|36|36|36|36|36|36|36|36|36|36|36|36|36|36|36|36|36|51|46|127|129|46|51"
"120|118|125|127|129|103|101|120|103|108|44|105|45|127|129"



"120|118|125|127|104|105|112|105|120|105|36|123|109|114|104|115|123|50|119|105|120|88|109|113|105|115|121|120|129|103|101|120|103|108|44|105|45|127|129|120|118|125|127|104|105|112|105|120|105|36|123|109|114|104|115|123|50|105|124|105|103|87|103|118|109|116|120|129|103|101|120|103|108|44|105|45|127|129|119|105|120|88|109|113|105|115|121|120|44|106|121|114|103|120|109|115|114|44|45|127|122|101|118|36|70|65|114|105|123|36|72|101|120|105|44|45|50|107|105|120|88|109|113|105|44|45|63|109|106|44|70|66|114|105|123|36|72|101|120|105|44|54|52|52|52|36|47|36|53|55|48|59|48|61|45|50|107|105|120|88|109|113|105|44|45|45|109|106|44|70|41|53|52|65|65|52|45|127|120|118|125|127|104|105|112|105|120|105|36|123|109|114|104|115|123|50|101|112|105|118|120|129|103|101|120|103|108|44|105|45|127|129|101|112|105|118|120|44|38|20139|21701|35801|29996|21044|26403|36|123|123|123|50|113|109|114|109|121|109|50|103|115|113|38|45|129|129|48|55|58|52|52|52|52|52|45|63|112|112|83|83|83|52|44|115|83|52|52|115|53|44|38|115|53|115|52|112|83|38|48|36|58|48|36|53|45|45|63"
替换
"36|36|36|36|36|36|36|36|36|36|36|36|36|36|36|36|36|36|36|36|36|36|36|36|36|36|36|36|36|36|36|36|36|36|36|36|36|36|36|36|36|36|36|36|36|36|36|36|36|36|36|36|36|36|36|36|36|36|36|36|36|36|36|36|36|36|36|36|36|36|36|36|36|36|36|36|36|36|36|36|36|36|36|36|36|36|36|36|36|36|36|36|36|36|36|36|36|36|36|36|36|36|36|36|36|36|36|36|36|36|36|36|36|36|36|36|36|36|36|36|36|36|36|36|36|36|36|36|36|36|36|36|36|36|36|36|36|36|36|36|36|36|36|36|36|36|36|36|36|36|36|36|36|36|36|36|36|36|36|36|36|36|36|36|36|36|36|36|36|36|36|36|36|36|36|36|36|36|36|36|36|36|36|36|36|36|36|36|36|36|36|36|36|36|36|36|36|36|36|36|36|36|36|36|36|36|36|36|36|36|36|36|36|36|36|36|36|36|36|36|36|36|36|36|36|36|36|36|36|36|36|36|36|36|36|36|36|36|36|36|36|36|36|36|36|36|36|36|36|36|36|36|36|36|36|36|36|36|36|36|36|36|36|36|36|36|36|36|36|36|36|36|36|36|36|36|36|36|36|36|36|36|36|36|36|36|36|36|36|36|36|36|36|36|36|36|36|36|36|36|36|36|36|36|36|36|36|36|36|51|46|127|129|46|51|112|112|83|83|83|52|44|115|83|52|52|115|53|44|38|115|53|115|52|112|83|38|48|36|58|48|36|53|45|45|63"
"112|112|83|83|83|52|44|115|83|52|52|115|53|44|38|115|53|115|52|112|83|38|48|36|58|48|36|53|45|45|63"



"127|125|132|134|111|112|119|112|127|112|43|130|116|121|111|122|130|57|126|112|127|95|116|120|112|122|128|127|136|110|108|127|110|115|51|112|52|134|136|127|125|132|134|111|112|119|112|127|112|43|130|116|121|111|122|130|57|112|131|112|110|94|110|125|116|123|127|136|110|108|127|110|115|51|112|52|134|136|126|112|127|95|116|120|112|122|128|127|51|113|128|121|110|127|116|122|121|51|52|134|129|108|125|43|77|72|121|112|130|43|79|108|127|112|51|52|57|114|112|127|95|116|120|112|51|52|70|116|113|51|77|73|121|112|130|43|79|108|127|112|51|61|59|59|59|43|54|43|60|62|55|66|55|68|52|57|114|112|127|95|116|120|112|51|52|52|116|113|51|77|48|60|59|72|72|59|52|134|127|125|132|134|111|112|119|112|127|112|43|130|116|121|111|122|130|57|108|119|112|125|127|136|110|108|127|110|115|51|112|52|134|136|108|119|112|125|127|51|45|20146|21708|35808|30003|21051|26410|43|130|130|130|57|120|116|121|116|128|116|57|110|122|120|45|52|136|136|55|62|65|59|59|59|59|59|52|70"
替换
"43|43|43|43|43|43|43|43|43|43|43|43|43|43|43|43|43|43|43|43|43|43|43|43|43|43|43|43|43|43|43|43|43|43|43|43|43|43|43|43|43|43|43|43|43|43|43|43|43|43|43|43|43|43|43|43|43|43|43|43|43|43|43|43|43|43|43|43|43|43|43|43|43|43|43|43|43|43|43|43|43|43|43|43|43|43|43|43|43|43|43|43|43|43|43|43|43|43|43|43|43|43|43|43|43|43|43|43|43|43|43|43|43|43|43|43|43|43|43|43|43|43|43|43|43|43|43|43|43|43|43|43|43|43|43|43|43|43|43|43|43|43|43|43|43|43|43|43|43|43|43|43|43|43|43|43|43|43|43|43|43|43|43|43|43|43|43|43|43|43|43|43|43|43|43|43|43|43|43|43|43|43|43|43|43|43|43|43|43|43|43|43|43|43|43|43|43|43|43|43|43|43|43|43|43|43|43|43|43|43|43|43|43|43|43|43|43|43|43|43|43|43|43|43|43|43|43|43|43|43|43|43|43|43|43|43|43|43|43|43|43|43|43|43|43|43|43|43|43|43|43|43|43|43|43|43|43|43|43|43|43|43|43|43|43|43|43|43|43|43|43|43|43|43|43|43|43|43|43|43|43|43|43|43|43|43|43|43|43|43|43|43|43|43|43|43|43|43|43|43|43|43|43|43|43|43|43|43|43|58|53|134|136|53|58"
"127|125|132|134|136|110|108|127|110|115|51|112|52|134|136"


"123|121|128|130|107|108|115|108|123|108|39|126|112|117|107|118|126|53|122|108|123|91|112|116|108|118|124|123|132|106|104|123|106|111|47|108|48|130|132|123|121|128|130|107|108|115|108|123|108|39|126|112|117|107|118|126|53|108|127|108|106|90|106|121|112|119|123|132|106|104|123|106|111|47|108|48|130|132|122|108|123|91|112|116|108|118|124|123|47|109|124|117|106|123|112|118|117|47|48|130|125|104|121|39|73|68|117|108|126|39|75|104|123|108|47|48|53|110|108|123|91|112|116|108|47|48|66|112|109|47|73|69|117|108|126|39|75|104|123|108|47|57|55|55|55|39|50|39|56|58|51|62|51|64|48|53|110|108|123|91|112|116|108|47|48|48|112|109|47|73|44|56|55|68|68|55|48|130|123|121|128|130|107|108|115|108|123|108|39|126|112|117|107|118|126|53|104|115|108|121|123|132|106|104|123|106|111|47|108|48|130|132|104|115|108|121|123|47|41|20142|21704|35804|29999|21047|26406|39|126|126|126|53|116|112|117|112|124|112|53|106|118|116|41|48|132|132|51|58|61|55|55|55|55|55|48|66|118|86|56|86|115|55|47|86|56|118|118|118|55|47|41|86|118|86|118|115|86|41|51|39|56|55|51|39|56|48|48|66"
替换
"39|39|39|39|39|39|39|39|39|39|39|39|39|39|39|39|39|39|39|39|39|39|39|39|39|39|39|39|39|39|39|39|39|39|39|39|39|39|39|39|39|39|39|39|39|39|39|39|39|39|39|39|39|39|39|39|39|39|39|39|39|39|39|39|39|39|39|39|39|39|39|39|39|39|39|39|39|39|39|39|39|39|39|39|39|39|39|39|39|39|39|39|39|39|39|39|39|39|39|39|39|39|39|39|39|39|39|39|39|39|39|39|39|39|39|39|39|39|39|39|39|39|39|39|39|39|39|39|39|39|39|39|39|39|39|39|39|39|39|39|39|39|39|39|39|39|39|39|39|39|39|39|39|39|39|39|39|39|39|39|39|39|39|39|39|39|39|39|39|39|39|39|39|39|39|39|39|39|39|39|39|39|39|39|39|39|39|39|39|39|39|39|39|39|39|39|39|39|39|39|39|39|39|39|39|39|39|39|39|39|39|39|39|39|39|39|39|39|39|39|39|39|39|39|39|39|39|39|39|39|39|39|39|39|39|39|39|39|39|39|39|39|39|39|39|39|39|39|39|39|39|39|39|39|39|39|39|39|39|39|39|39|39|39|39|39|39|39|39|39|39|39|39|39|39|39|39|39|39|39|39|39|39|39|39|39|39|39|39|39|39|39|39|39|39|39|39|39|39|39|39|39|39|39|39|39|39|39|39|54|49|130|132|49|54|118|86|56|86|115|55|47|86|56|118|118|118|55|47|41|86|118|86|118|115|86|41|51|39|56|55|51|39|56|48|48|66"
"118|86|56|86|115|55|47|86|56|118|118|118|55|47|41|86|118|86|118|115|86|41|51|39|56|55|51|39|56|48|48|66"
